30
100
0
78 0
100 100 0
72 26 44 0
87 98 1 54 0
16 22 32 27 66 0
21 79 47 71 37 5 0
64 89 5 50 85 62 93 0
58 31 14 35 31 13 7 56 0
8 45 54 9 98 21 30 81 99 0
48 1 78 46 23 14 2 87 2 6 0
36 38 67 81 96 49 94 30 79 59 88 0
87 66 84 92 26 34 64 8 14 62 7 67 0
91 52 89 4 5 27 57 10 63 47 28 95 42 0
76 88 23 7 98 11 45 64 94 88 41 27 51 48 0
93 64 54 59 55 57 99 10 61 26 19 22 40 65 1 0
86 6 77 73 80 35 71 90 31 86 36 18 26 14 20 26 0
6 35 31 16 89 40 15 51 52 92 21 74 83 37 74 68 94 0
2 92 73 88 14 63 18 51 50 35 77 63 6 54 21 41 84 36 0
81 23 2 83 75 45 3 100 27 39 25 46 32 27 38 57 66 3 19 0
84 54 20 70 82 82 76 35 2 68 70 38 48 93 91 31 19 36 85 18 0
14 76 42 60 59 20 49 15 86 51 85 21 56 4 90 89 86 17 23 39 84 0
93 28 84 37 19 14 55 54 50 24 67 25 17 78 84 37 26 50 74 29 35 94 0
36 38 83 25 75 100 47 14 35 91 41 18 79 59 83 85 64 33 8 83 9 25 60 0
44 13 38 94 86 18 28 79 53 17 13 77 92 12 76 5 99 18 97 16 97 56 99 33 0
19 31 41 53 39 17 13 35 81 2 28 66 19 7 96 71 23 8 48 66 72 75 22 70 92 0
19 85 40 26 83 73 44 65 65 49 56 81 61 90 13 62 69 78 80 75 73 2 49 32 49 67 0
3 75 88 24 67 58 9 6 83 43 30 27 60 94 75 15 26 87 56 38 100 24 15 31 50 39 32 0
50 23 33 16 25 7 56 1 25 13 9 83 96 3 12 74 14 6 100 80 83 86 35 21 37 10 87 67 0
11 26 98 61 100 82 28 24 89 83 76 65 96 84 47 43 39 59 16 52 16 15 32 98 52 18 70 40 28 0
