50
50
0
27 0
49 49 0
21 25 43 0
36 47 0 3 0
15 21 31 26 15 0
20 28 46 20 36 4 0
13 38 4 49 34 11 42 0
7 30 13 34 30 12 6 5 0
7 44 3 8 47 20 29 30 48 0
47 0 27 45 22 13 1 36 1 5 0
35 37 16 30 45 48 43 29 28 8 37 0
36 15 33 41 25 33 13 7 13 11 6 16 0
40 1 38 3 4 26 6 9 12 46 27 44 41 0
25 37 22 6 47 10 44 13 43 37 40 26 0 47 0
42 13 3 8 4 6 48 9 10 25 18 21 39 14 0 0
35 5 26 22 29 34 20 39 30 35 35 17 25 13 19 25 0
5 34 30 15 38 39 14 0 1 41 20 23 32 36 23 17 43 0
1 41 22 37 13 12 17 0 49 34 26 12 5 3 20 40 33 35 0
30 22 1 32 24 44 2 49 26 38 24 45 31 26 37 6 15 2 18 0
33 3 19 19 31 31 25 34 1 17 19 37 47 42 40 30 18 35 34 17 0
13 25 41 9 8 19 48 14 35 0 34 20 5 3 39 38 35 16 22 38 33 0
42 27 33 36 18 13 4 3 49 23 16 24 16 27 33 36 25 49 23 28 34 43 0
35 37 32 24 24 49 46 13 34 40 40 17 28 8 32 34 13 32 7 32 8 24 9 0
43 12 37 43 35 17 27 28 2 16 12 26 41 11 25 4 48 17 46 15 46 5 48 32 0
18 30 40 2 38 16 12 34 30 1 27 15 18 6 45 20 22 7 47 15 21 24 21 19 41 0
18 34 39 25 32 22 43 14 14 48 5 30 10 39 12 11 18 27 29 24 22 1 48 31 48 16 0
2 24 37 23 16 7 8 5 32 42 29 26 9 43 24 14 25 36 5 37 49 23 14 30 49 38 31 0
49 22 32 15 24 6 5 0 24 12 8 32 45 2 11 23 13 5 49 29 32 35 34 20 36 9 36 16 0
10 25 47 10 49 31 27 23 38 32 25 14 45 33 46 42 38 8 15 1 15 14 31 47 1 17 19 39 27 0
6 5 39 33 4 49 32 36 27 7 26 11 33 40 8 18 39 0 6 49 17 10 14 31 41 13 34 8 33 25 0
37 41 30 27 24 37 28 6 25 7 13 3 19 48 43 29 17 34 30 25 33 47 35 49 31 26 15 17 37 0 43 0
26 41 25 3 15 14 34 23 39 41 38 42 12 37 38 42 4 22 24 31 8 23 17 7 6 43 22 26 32 22 19 9 0
13 46 14 30 11 0 3 0 42 42 45 6 31 35 0 37 7 24 18 15 0 35 25 6 31 47 34 15 22 3 24 37 2 0
41 18 13 41 23 15 35 17 12 42 0 47 42 37 7 19 6 22 21 43 49 29 24 47 14 40 21 19 16 8 21 9 28 36 0
1 4 4 36 23 16 30 24 14 25 11 21 46 19 45 17 13 45 46 39 44 10 31 17 30 0 27 3 9 8 40 12 12 44 1 0
35 10 33 9 26 8 23 49 4 44 47 21 7 44 20 49 38 30 32 7 12 34 34 16 46 42 6 8 6 2 11 42 12 45 3 41 0
5 28 40 10 23 37 33 32 33 3 33 23 36 16 30 48 2 15 16 48 9 22 9 16 24 22 10 39 17 15 30 23 44 22 35 17 12 0
18 1 45 24 35 19 10 3 49 10 5 16 27 6 26 1 17 44 28 39 4 17 7 19 49 32 15 23 17 34 35 37 36 33 13 21 2 23 0
26 3 36 33 20 15 39 48 16 6 42 44 46 48 13 5 19 14 39 35 40 8 19 25 45 5 10 9 28 12 34 4 18 22 40 40 37 29 40 0
4 38 34 0 36 32 16 41 1 32 30 38 22 38 8 0 35 15 10 46 44 25 33 0 43 5 40 33 43 22 23 49 10 7 1 48 41 17 39 42 0
0 21 31 24 11 41 24 48 6 35 45 2 10 30 3 3 35 45 38 30 17 13 29 29 20 31 27 13 0 18 5 0 41 38 27 2 31 1 1 38 38 0
48 40 48 28 45 3 13 43 43 46 10 6 25 42 28 8 21 41 9 42 49 11 33 39 38 36 21 42 39 11 30 37 3 31 17 49 34 32 42 28 28 4 0
36 6 48 15 14 22 6 23 14 7 37 47 47 27 35 18 19 26 29 0 15 32 31 32 33 17 15 27 47 43 34 34 49 32 1 16 4 9 39 20 17 28 20 0
14 6 5 34 25 32 15 27 49 49 10 32 33 28 47 12 27 42 46 13 44 31 14 10 37 26 1 8 43 30 28 9 38 35 45 15 17 10 43 17 9 5 1 44 0
35 0 7 13 42 5 26 36 36 43 48 24 21 0 32 16 32 12 27 20 47 22 35 17 34 28 34 45 34 37 40 19 37 49 34 31 6 13 20 43 8 18 19 29 18 0
1 45 0 13 22 20 10 46 8 27 30 38 13 25 24 2 17 46 39 18 30 21 25 45 43 18 3 11 37 32 32 40 29 32 5 3 5 17 49 13 47 31 3 12 7 28 0
15 26 24 6 45 6 27 20 2 22 40 5 34 27 40 16 19 19 0 24 25 5 41 26 20 38 8 26 1 17 4 18 43 28 24 40 36 4 10 38 26 0 44 10 29 36 28 0
48 7 29 24 32 36 18 11 7 8 19 33 11 38 39 29 33 19 4 24 5 8 34 44 36 37 40 47 16 26 25 17 35 4 41 18 43 9 31 2 18 0 37 29 40 26 11 23 0
45 15 47 2 25 34 46 11 21 38 8 37 16 36 6 2 42 48 22 35 9 3 37 29 5 24 11 45 2 22 18 47 37 18 2 14 2 48 25 23 39 36 12 5 24 19 9 16 19 0
